## htsjdk.samtools.metrics.StringHeader
# MarkDuplicates --INPUT /home/ubuntu/projects/ctdna2/data/tmp/SRR13201012_ab_coord.bam --OUTPUT /home/ubuntu/projects/ctdna2/results/arm_b_standard_tumor_normal/normal.markdup.bam --METRICS_FILE /home/ubuntu/projects/ctdna2/results/arm_b_standard_tumor_normal/normal.markdup_metrics.txt --OPTICAL_DUPLICATE_PIXEL_DISTANCE 2500 --TMP_DIR /home/ubuntu/projects/ctdna2/data/tmp --MAX_SEQUENCES_FOR_DISK_READ_ENDS_MAP 50000 --MAX_FILE_HANDLES_FOR_READ_ENDS_MAP 8000 --SORTING_COLLECTION_SIZE_RATIO 0.25 --TAG_DUPLICATE_SET_MEMBERS false --REMOVE_SEQUENCING_DUPLICATES false --TAGGING_POLICY DontTag --CLEAR_DT true --DUPLEX_UMI false --FLOW_MODE false --FLOW_DUP_STRATEGY FLOW_QUALITY_SUM_STRATEGY --FLOW_USE_END_IN_UNPAIRED_READS false --FLOW_USE_UNPAIRED_CLIPPED_END false --FLOW_UNPAIRED_END_UNCERTAINTY 0 --FLOW_UNPAIRED_START_UNCERTAINTY 0 --FLOW_SKIP_FIRST_N_FLOWS 0 --FLOW_Q_IS_KNOWN_END false --FLOW_EFFECTIVE_QUALITY_THRESHOLD 15 --ADD_PG_TAG_TO_READS true --REMOVE_DUPLICATES false --ASSUME_SORTED false --DUPLICATE_SCORING_STRATEGY SUM_OF_BASE_QUALITIES --PROGRAM_RECORD_ID MarkDuplicates --PROGRAM_GROUP_NAME MarkDuplicates --READ_NAME_REGEX <optimized capture of last three ':' separated fields as numeric values> --MAX_OPTICAL_DUPLICATE_SET_SIZE 300000 --VERBOSITY INFO --QUIET false --VALIDATION_STRINGENCY STRICT --COMPRESSION_LEVEL 2 --MAX_RECORDS_IN_RAM 500000 --CREATE_INDEX false --CREATE_MD5_FILE false --help false --version false --showHidden false --USE_JDK_DEFLATER false --USE_JDK_INFLATER false
## htsjdk.samtools.metrics.StringHeader
# Started on: Wed Apr 08 15:46:36 UTC 2026

## METRICS CLASS	picard.sam.DuplicationMetrics
LIBRARY	UNPAIRED_READS_EXAMINED	READ_PAIRS_EXAMINED	SECONDARY_OR_SUPPLEMENTARY_RDS	UNMAPPED_READS	UNPAIRED_READ_DUPLICATES	READ_PAIR_DUPLICATES	READ_PAIR_OPTICAL_DUPLICATES	PERCENT_DUPLICATION	ESTIMATED_LIBRARY_SIZE
lib1	31058	93804510	1514120	31424	31049	90008130	0	0.959535	3796380

## HISTOGRAM	java.lang.Double
BIN	CoverageMult	all_sets	non_optical_sets
1.0	1	425555	425555
2.0	1	186522	186522
3.0	1	142421	142421
4.0	1	124230	124230
5.0	1	112719	112719
6.0	1	105986	105986
7.0	1	100877	100877
8.0	1	96670	96670
9.0	1	93306	93306
10.0	1	90706	90706
11.0	1	88380	88380
12.0	1	85615	85615
13.0	1	83368	83368
14.0	1	80850	80850
15.0	1	78174	78174
16.0	1	75964	75964
17.0	1	73354	73354
18.0	1	70605	70605
19.0	1	68738	68738
20.0	1	66218	66218
21.0	1	63484	63484
22.0	1	61022	61022
23.0	1	58215	58215
24.0	1	55996	55996
25.0	1	53678	53678
26.0	1	51530	51530
27.0	1	49421	49421
28.0	1	47637	47637
29.0	1	45148	45148
30.0	1	43220	43220
31.0	1	41547	41547
32.0	1	38948	38948
33.0	1	37526	37526
34.0	1	35902	35902
35.0	1	33804	33804
36.0	1	32656	32656
37.0	1	30938	30938
38.0	1	29483	29483
39.0	1	28017	28017
40.0	1	26791	26791
41.0	1	25617	25617
42.0	1	24427	24427
43.0	1	23311	23311
44.0	1	22037	22037
45.0	1	21100	21100
46.0	1	20458	20458
47.0	1	19229	19229
48.0	1	18548	18548
49.0	1	17500	17500
50.0	1	17066	17066
51.0	1	16170	16170
52.0	1	15368	15368
53.0	1	14909	14909
54.0	1	14038	14038
55.0	1	13578	13578
56.0	1	12847	12847
57.0	1	12428	12428
58.0	1	11768	11768
59.0	1	11496	11496
60.0	1	11006	11006
61.0	1	10471	10471
62.0	1	10234	10234
63.0	1	9657	9657
64.0	1	9424	9424
65.0	1	9010	9010
66.0	1	8712	8712
67.0	1	8604	8604
68.0	1	8146	8146
69.0	1	7699	7699
70.0	1	7447	7447
71.0	1	7331	7331
72.0	1	6890	6890
73.0	1	6810	6810
74.0	1	6495	6495
75.0	1	6242	6242
76.0	1	5941	5941
77.0	1	5856	5856
78.0	1	5725	5725
79.0	1	5353	5353
80.0	1	5177	5177
81.0	1	5032	5032
82.0	1	4829	4829
83.0	1	4742	4742
84.0	1	4556	4556
85.0	1	4358	4358
86.0	1	4224	4224
87.0	1	4120	4120
88.0	1	4023	4023
89.0	1	3929	3929
90.0	1	3742	3742
91.0	1	3666	3666
92.0	1	3435	3435
93.0	1	3403	3403
94.0	1	3302	3302
95.0	1	3205	3205
96.0	1	3161	3161
97.0	1	3082	3082
98.0	1	2989	2989
99.0	1	2781	2781
100.0	1	2732	2732
101.0	0	2713	2713
102.0	0	2562	2562
103.0	0	2552	2552
104.0	0	2420	2420
105.0	0	2324	2324
106.0	0	2356	2356
107.0	0	2278	2278
108.0	0	2173	2173
109.0	0	2221	2221
110.0	0	2033	2033
111.0	0	1996	1996
112.0	0	2040	2040
113.0	0	1875	1875
114.0	0	1881	1881
115.0	0	1754	1754
116.0	0	1711	1711
117.0	0	1653	1653
118.0	0	1607	1607
119.0	0	1669	1669
120.0	0	1576	1576
121.0	0	1503	1503
122.0	0	1527	1527
123.0	0	1472	1472
124.0	0	1410	1410
125.0	0	1422	1422
126.0	0	1351	1351
127.0	0	1255	1255
128.0	0	1276	1276
129.0	0	1219	1219
130.0	0	1284	1284
131.0	0	1189	1189
132.0	0	1161	1161
133.0	0	1094	1094
134.0	0	1091	1091
135.0	0	1065	1065
136.0	0	1050	1050
137.0	0	1050	1050
138.0	0	1006	1006
139.0	0	939	939
140.0	0	956	956
141.0	0	974	974
142.0	0	967	967
143.0	0	903	903
144.0	0	827	827
145.0	0	837	837
146.0	0	830	830
147.0	0	821	821
148.0	0	821	821
149.0	0	799	799
150.0	0	775	775
151.0	0	752	752
152.0	0	708	708
153.0	0	729	729
154.0	0	687	687
155.0	0	691	691
156.0	0	659	659
157.0	0	597	597
158.0	0	646	646
159.0	0	581	581
160.0	0	599	599
161.0	0	542	542
162.0	0	536	536
163.0	0	532	532
164.0	0	539	539
165.0	0	550	550
166.0	0	480	480
167.0	0	512	512
168.0	0	527	527
169.0	0	498	498
170.0	0	481	481
171.0	0	452	452
172.0	0	482	482
173.0	0	431	431
174.0	0	420	420
175.0	0	429	429
176.0	0	415	415
177.0	0	393	393
178.0	0	385	385
179.0	0	362	362
180.0	0	381	381
181.0	0	341	341
182.0	0	377	377
183.0	0	362	362
184.0	0	336	336
185.0	0	351	351
186.0	0	332	332
187.0	0	330	330
188.0	0	342	342
189.0	0	309	309
190.0	0	320	320
191.0	0	286	286
192.0	0	296	296
193.0	0	300	300
194.0	0	288	288
195.0	0	296	296
196.0	0	312	312
197.0	0	256	256
198.0	0	270	270
199.0	0	285	285
200.0	0	247	247
201.0	0	235	235
202.0	0	273	273
203.0	0	238	238
204.0	0	274	274
205.0	0	234	234
206.0	0	239	239
207.0	0	260	260
208.0	0	200	200
209.0	0	227	227
210.0	0	226	226
211.0	0	231	231
212.0	0	169	169
213.0	0	188	188
214.0	0	181	181
215.0	0	211	211
216.0	0	196	196
217.0	0	169	169
218.0	0	214	214
219.0	0	201	201
220.0	0	173	173
221.0	0	178	178
222.0	0	176	176
223.0	0	167	167
224.0	0	158	158
225.0	0	153	153
226.0	0	156	156
227.0	0	152	152
228.0	0	165	165
229.0	0	151	151
230.0	0	167	167
231.0	0	142	142
232.0	0	150	150
233.0	0	124	124
234.0	0	145	145
235.0	0	132	132
236.0	0	113	113
237.0	0	145	145
238.0	0	120	120
239.0	0	141	141
240.0	0	124	124
241.0	0	124	124
242.0	0	130	130
243.0	0	128	128
244.0	0	102	102
245.0	0	140	140
246.0	0	117	117
247.0	0	119	119
248.0	0	116	116
249.0	0	110	110
250.0	0	101	101
251.0	0	93	93
252.0	0	79	79
253.0	0	101	101
254.0	0	97	97
255.0	0	114	114
256.0	0	84	84
257.0	0	86	86
258.0	0	83	83
259.0	0	92	92
260.0	0	88	88
261.0	0	80	80
262.0	0	77	77
263.0	0	82	82
264.0	0	75	75
265.0	0	91	91
266.0	0	73	73
267.0	0	73	73
268.0	0	76	76
269.0	0	85	85
270.0	0	75	75
271.0	0	74	74
272.0	0	74	74
273.0	0	91	91
274.0	0	69	69
275.0	0	68	68
276.0	0	68	68
277.0	0	61	61
278.0	0	55	55
279.0	0	69	69
280.0	0	73	73
281.0	0	66	66
282.0	0	71	71
283.0	0	67	67
284.0	0	65	65
285.0	0	62	62
286.0	0	80	80
287.0	0	43	43
288.0	0	66	66
289.0	0	52	52
290.0	0	53	53
291.0	0	56	56
292.0	0	51	51
293.0	0	40	40
294.0	0	52	52
295.0	0	51	51
296.0	0	78	78
297.0	0	54	54
298.0	0	38	38
299.0	0	46	46
300.0	0	37	37
301.0	0	41	41
302.0	0	40	40
303.0	0	50	50
304.0	0	40	40
305.0	0	40	40
306.0	0	42	42
307.0	0	53	53
308.0	0	46	46
309.0	0	43	43
310.0	0	40	40
311.0	0	45	45
312.0	0	40	40
313.0	0	43	43
314.0	0	25	25
315.0	0	34	34
316.0	0	36	36
317.0	0	37	37
318.0	0	31	31
319.0	0	36	36
320.0	0	36	36
321.0	0	38	38
322.0	0	36	36
323.0	0	34	34
324.0	0	30	30
325.0	0	31	31
326.0	0	30	30
327.0	0	34	34
328.0	0	38	38
329.0	0	25	25
330.0	0	25	25
331.0	0	40	40
332.0	0	34	34
333.0	0	28	28
334.0	0	31	31
335.0	0	30	30
336.0	0	22	22
337.0	0	18	18
338.0	0	27	27
339.0	0	27	27
340.0	0	27	27
341.0	0	30	30
342.0	0	17	17
343.0	0	26	26
344.0	0	22	22
345.0	0	25	25
346.0	0	29	29
347.0	0	17	17
348.0	0	20	20
349.0	0	22	22
350.0	0	14	14
351.0	0	16	16
352.0	0	22	22
353.0	0	17	17
354.0	0	23	23
355.0	0	19	19
356.0	0	30	30
357.0	0	20	20
358.0	0	17	17
359.0	0	14	14
360.0	0	25	25
361.0	0	18	18
362.0	0	18	18
363.0	0	20	20
364.0	0	19	19
365.0	0	20	20
366.0	0	20	20
367.0	0	25	25
368.0	0	14	14
369.0	0	14	14
370.0	0	14	14
371.0	0	18	18
372.0	0	17	17
373.0	0	15	15
374.0	0	16	16
375.0	0	17	17
376.0	0	15	15
377.0	0	8	8
378.0	0	8	8
379.0	0	8	8
380.0	0	14	14
381.0	0	7	7
382.0	0	12	12
383.0	0	17	17
384.0	0	16	16
385.0	0	13	13
386.0	0	7	7
387.0	0	14	14
388.0	0	15	15
389.0	0	11	11
390.0	0	13	13
391.0	0	16	16
392.0	0	9	9
393.0	0	17	17
394.0	0	19	19
395.0	0	20	20
396.0	0	8	8
397.0	0	11	11
398.0	0	5	5
399.0	0	13	13
400.0	0	5	5
401.0	0	15	15
402.0	0	12	12
403.0	0	14	14
404.0	0	8	8
405.0	0	9	9
406.0	0	10	10
407.0	0	16	16
408.0	0	10	10
409.0	0	7	7
410.0	0	12	12
411.0	0	4	4
412.0	0	7	7
413.0	0	8	8
414.0	0	12	12
415.0	0	8	8
416.0	0	4	4
417.0	0	9	9
418.0	0	8	8
419.0	0	6	6
420.0	0	8	8
421.0	0	6	6
422.0	0	6	6
423.0	0	7	7
424.0	0	7	7
425.0	0	4	4
426.0	0	3	3
427.0	0	10	10
428.0	0	8	8
429.0	0	8	8
430.0	0	8	8
431.0	0	6	6
432.0	0	10	10
433.0	0	8	8
434.0	0	8	8
435.0	0	7	7
436.0	0	3	3
437.0	0	3	3
438.0	0	7	7
439.0	0	9	9
440.0	0	6	6
441.0	0	5	5
442.0	0	3	3
443.0	0	6	6
444.0	0	9	9
445.0	0	3	3
446.0	0	6	6
447.0	0	5	5
448.0	0	2	2
449.0	0	2	2
450.0	0	7	7
451.0	0	4	4
452.0	0	3	3
453.0	0	4	4
454.0	0	5	5
455.0	0	8	8
456.0	0	3	3
457.0	0	7	7
458.0	0	6	6
459.0	0	2	2
460.0	0	5	5
461.0	0	6	6
462.0	0	1	1
463.0	0	4	4
464.0	0	12	12
465.0	0	5	5
466.0	0	5	5
467.0	0	7	7
468.0	0	6	6
469.0	0	2	2
470.0	0	3	3
471.0	0	6	6
472.0	0	3	3
473.0	0	1	1
474.0	0	3	3
475.0	0	2	2
476.0	0	2	2
477.0	0	2	2
478.0	0	9	9
479.0	0	4	4
480.0	0	3	3
481.0	0	8	8
482.0	0	6	6
483.0	0	2	2
484.0	0	2	2
485.0	0	1	1
486.0	0	3	3
487.0	0	6	6
488.0	0	2	2
489.0	0	1	1
490.0	0	3	3
491.0	0	6	6
492.0	0	2	2
494.0	0	2	2
495.0	0	5	5
496.0	0	1	1
497.0	0	2	2
498.0	0	2	2
499.0	0	2	2
500.0	0	2	2
501.0	0	2	2
502.0	0	4	4
503.0	0	2	2
504.0	0	1	1
505.0	0	2	2
506.0	0	3	3
507.0	0	1	1
508.0	0	1	1
509.0	0	5	5
510.0	0	6	6
511.0	0	3	3
512.0	0	5	5
513.0	0	4	4
514.0	0	3	3
515.0	0	3	3
517.0	0	2	2
518.0	0	2	2
519.0	0	3	3
520.0	0	1	1
521.0	0	3	3
522.0	0	4	4
523.0	0	2	2
524.0	0	1	1
525.0	0	1	1
526.0	0	3	3
527.0	0	1	1
528.0	0	3	3
529.0	0	2	2
530.0	0	2	2
531.0	0	1	1
533.0	0	2	2
534.0	0	2	2
535.0	0	1	1
536.0	0	2	2
537.0	0	1	1
538.0	0	4	4
539.0	0	1	1
540.0	0	5	5
541.0	0	2	2
543.0	0	4	4
544.0	0	1	1
545.0	0	1	1
546.0	0	4	4
547.0	0	2	2
548.0	0	2	2
549.0	0	2	2
550.0	0	3	3
551.0	0	3	3
552.0	0	1	1
554.0	0	2	2
555.0	0	1	1
556.0	0	1	1
557.0	0	1	1
558.0	0	2	2
559.0	0	3	3
562.0	0	2	2
564.0	0	3	3
566.0	0	2	2
567.0	0	1	1
568.0	0	2	2
569.0	0	1	1
571.0	0	2	2
573.0	0	1	1
575.0	0	1	1
576.0	0	2	2
577.0	0	1	1
578.0	0	3	3
579.0	0	2	2
580.0	0	1	1
585.0	0	1	1
589.0	0	2	2
591.0	0	4	4
593.0	0	1	1
594.0	0	1	1
595.0	0	1	1
596.0	0	1	1
597.0	0	4	4
598.0	0	1	1
599.0	0	1	1
600.0	0	1	1
601.0	0	1	1
602.0	0	2	2
604.0	0	1	1
606.0	0	3	3
608.0	0	1	1
609.0	0	2	2
610.0	0	1	1
611.0	0	1	1
613.0	0	2	2
614.0	0	1	1
615.0	0	1	1
616.0	0	1	1
619.0	0	1	1
622.0	0	1	1
623.0	0	2	2
624.0	0	1	1
625.0	0	3	3
627.0	0	2	2
632.0	0	1	1
633.0	0	1	1
635.0	0	1	1
638.0	0	1	1
640.0	0	1	1
641.0	0	2	2
642.0	0	1	1
645.0	0	1	1
646.0	0	1	1
647.0	0	1	1
649.0	0	1	1
651.0	0	1	1
652.0	0	1	1
653.0	0	1	1
654.0	0	1	1
658.0	0	1	1
660.0	0	1	1
665.0	0	1	1
666.0	0	1	1
669.0	0	1	1
671.0	0	1	1
673.0	0	1	1
674.0	0	1	1
679.0	0	1	1
687.0	0	1	1
688.0	0	1	1
691.0	0	1	1
693.0	0	1	1
695.0	0	1	1
702.0	0	1	1
710.0	0	1	1
713.0	0	1	1
716.0	0	1	1
720.0	0	1	1
721.0	0	1	1
725.0	0	1	1
738.0	0	1	1
743.0	0	1	1
751.0	0	1	1
771.0	0	1	1
775.0	0	2	2
805.0	0	1	1
831.0	0	1	1
837.0	0	1	1
863.0	0	1	1
867.0	0	1	1
891.0	0	1	1
967.0	0	1	1
1122.0	0	1	1
1193.0	0	1	1

