## htsjdk.samtools.metrics.StringHeader
# MarkDuplicates --INPUT /home/ubuntu/projects/ctdna2/data/tmp/SRR13200966_ab_coord.bam --OUTPUT /home/ubuntu/projects/ctdna2/results/arm_a_standard_tumor_only/tumor.markdup.bam --METRICS_FILE /home/ubuntu/projects/ctdna2/results/arm_a_standard_tumor_only/tumor.markdup_metrics.txt --OPTICAL_DUPLICATE_PIXEL_DISTANCE 2500 --TMP_DIR /home/ubuntu/projects/ctdna2/data/tmp --MAX_SEQUENCES_FOR_DISK_READ_ENDS_MAP 50000 --MAX_FILE_HANDLES_FOR_READ_ENDS_MAP 8000 --SORTING_COLLECTION_SIZE_RATIO 0.25 --TAG_DUPLICATE_SET_MEMBERS false --REMOVE_SEQUENCING_DUPLICATES false --TAGGING_POLICY DontTag --CLEAR_DT true --DUPLEX_UMI false --FLOW_MODE false --FLOW_DUP_STRATEGY FLOW_QUALITY_SUM_STRATEGY --FLOW_USE_END_IN_UNPAIRED_READS false --FLOW_USE_UNPAIRED_CLIPPED_END false --FLOW_UNPAIRED_END_UNCERTAINTY 0 --FLOW_UNPAIRED_START_UNCERTAINTY 0 --FLOW_SKIP_FIRST_N_FLOWS 0 --FLOW_Q_IS_KNOWN_END false --FLOW_EFFECTIVE_QUALITY_THRESHOLD 15 --ADD_PG_TAG_TO_READS true --REMOVE_DUPLICATES false --ASSUME_SORTED false --DUPLICATE_SCORING_STRATEGY SUM_OF_BASE_QUALITIES --PROGRAM_RECORD_ID MarkDuplicates --PROGRAM_GROUP_NAME MarkDuplicates --READ_NAME_REGEX <optimized capture of last three ':' separated fields as numeric values> --MAX_OPTICAL_DUPLICATE_SET_SIZE 300000 --VERBOSITY INFO --QUIET false --VALIDATION_STRINGENCY STRICT --COMPRESSION_LEVEL 2 --MAX_RECORDS_IN_RAM 500000 --CREATE_INDEX false --CREATE_MD5_FILE false --help false --version false --showHidden false --USE_JDK_DEFLATER false --USE_JDK_INFLATER false
## htsjdk.samtools.metrics.StringHeader
# Started on: Sun Apr 12 20:56:26 UTC 2026

## METRICS CLASS	picard.sam.DuplicationMetrics
LIBRARY	UNPAIRED_READS_EXAMINED	READ_PAIRS_EXAMINED	SECONDARY_OR_SUPPLEMENTARY_RDS	UNMAPPED_READS	UNPAIRED_READ_DUPLICATES	READ_PAIR_DUPLICATES	READ_PAIR_OPTICAL_DUPLICATES	PERCENT_DUPLICATION	ESTIMATED_LIBRARY_SIZE
lib1	31237	69144359	906794	31667	31226	64626218	0	0.934671	4518142

## HISTOGRAM	java.lang.Double
BIN	CoverageMult	all_sets	non_optical_sets
1.0	1	656916	656916
2.0	1	318416	318416
3.0	1	246284	246284
4.0	1	215348	215348
5.0	1	196567	196567
6.0	1	183667	183667
7.0	1	173459	173459
8.0	1	163321	163321
9.0	1	154772	154772
10.0	1	146250	146250
11.0	1	137867	137867
12.0	1	129470	129470
13.0	1	121199	121199
14.0	1	112336	112336
15.0	1	105363	105363
16.0	1	97351	97351
17.0	1	90773	90773
18.0	1	83744	83744
19.0	1	77393	77393
20.0	1	71304	71304
21.0	1	66442	66442
22.0	1	61262	61262
23.0	1	56263	56263
24.0	1	52107	52107
25.0	1	48287	48287
26.0	1	43993	43993
27.0	1	40390	40390
28.0	1	37863	37863
29.0	1	35320	35320
30.0	1	32483	32483
31.0	1	30038	30038
32.0	1	28028	28028
33.0	1	26244	26244
34.0	1	24384	24384
35.0	1	22612	22612
36.0	1	21275	21275
37.0	1	20149	20149
38.0	1	18616	18616
39.0	1	17550	17550
40.0	1	16455	16455
41.0	1	15412	15412
42.0	1	14300	14300
43.0	1	13418	13418
44.0	1	13071	13071
45.0	1	12260	12260
46.0	1	11300	11300
47.0	1	10860	10860
48.0	1	10211	10211
49.0	1	9658	9658
50.0	1	9030	9030
51.0	1	8646	8646
52.0	1	8017	8017
53.0	1	7611	7611
54.0	1	7307	7307
55.0	1	6905	6905
56.0	1	6578	6578
57.0	1	6284	6284
58.0	1	5944	5944
59.0	1	5794	5794
60.0	1	5463	5463
61.0	1	5032	5032
62.0	1	5010	5010
63.0	1	4740	4740
64.0	1	4520	4520
65.0	1	4318	4318
66.0	1	4024	4024
67.0	1	3912	3912
68.0	1	3827	3827
69.0	1	3639	3639
70.0	1	3496	3496
71.0	1	3310	3310
72.0	1	3156	3156
73.0	1	3088	3088
74.0	1	2886	2886
75.0	1	2766	2766
76.0	1	2623	2623
77.0	1	2532	2532
78.0	1	2482	2482
79.0	1	2331	2331
80.0	1	2274	2274
81.0	1	2242	2242
82.0	1	2113	2113
83.0	1	1951	1951
84.0	1	1980	1980
85.0	1	1943	1943
86.0	1	1944	1944
87.0	1	1743	1743
88.0	1	1668	1668
89.0	1	1649	1649
90.0	1	1598	1598
91.0	1	1509	1509
92.0	1	1522	1522
93.0	1	1374	1374
94.0	1	1428	1428
95.0	1	1352	1352
96.0	1	1280	1280
97.0	1	1305	1305
98.0	1	1217	1217
99.0	1	1129	1129
100.0	1	1176	1176
101.0	0	1049	1049
102.0	0	1123	1123
103.0	0	1051	1051
104.0	0	1052	1052
105.0	0	980	980
106.0	0	926	926
107.0	0	946	946
108.0	0	945	945
109.0	0	891	891
110.0	0	832	832
111.0	0	820	820
112.0	0	809	809
113.0	0	778	778
114.0	0	708	708
115.0	0	739	739
116.0	0	737	737
117.0	0	707	707
118.0	0	668	668
119.0	0	641	641
120.0	0	644	644
121.0	0	596	596
122.0	0	617	617
123.0	0	629	629
124.0	0	561	561
125.0	0	562	562
126.0	0	535	535
127.0	0	534	534
128.0	0	542	542
129.0	0	545	545
130.0	0	546	546
131.0	0	474	474
132.0	0	504	504
133.0	0	440	440
134.0	0	435	435
135.0	0	428	428
136.0	0	455	455
137.0	0	414	414
138.0	0	419	419
139.0	0	398	398
140.0	0	422	422
141.0	0	413	413
142.0	0	352	352
143.0	0	357	357
144.0	0	379	379
145.0	0	333	333
146.0	0	351	351
147.0	0	329	329
148.0	0	299	299
149.0	0	312	312
150.0	0	302	302
151.0	0	305	305
152.0	0	321	321
153.0	0	306	306
154.0	0	278	278
155.0	0	286	286
156.0	0	270	270
157.0	0	259	259
158.0	0	272	272
159.0	0	258	258
160.0	0	262	262
161.0	0	252	252
162.0	0	255	255
163.0	0	258	258
164.0	0	220	220
165.0	0	232	232
166.0	0	234	234
167.0	0	215	215
168.0	0	232	232
169.0	0	214	214
170.0	0	218	218
171.0	0	199	199
172.0	0	197	197
173.0	0	196	196
174.0	0	182	182
175.0	0	188	188
176.0	0	197	197
177.0	0	187	187
178.0	0	149	149
179.0	0	162	162
180.0	0	176	176
181.0	0	158	158
182.0	0	140	140
183.0	0	169	169
184.0	0	166	166
185.0	0	135	135
186.0	0	139	139
187.0	0	120	120
188.0	0	131	131
189.0	0	121	121
190.0	0	130	130
191.0	0	146	146
192.0	0	137	137
193.0	0	135	135
194.0	0	107	107
195.0	0	119	119
196.0	0	109	109
197.0	0	97	97
198.0	0	125	125
199.0	0	124	124
200.0	0	108	108
201.0	0	93	93
202.0	0	117	117
203.0	0	125	125
204.0	0	98	98
205.0	0	115	115
206.0	0	110	110
207.0	0	76	76
208.0	0	99	99
209.0	0	81	81
210.0	0	99	99
211.0	0	90	90
212.0	0	87	87
213.0	0	82	82
214.0	0	85	85
215.0	0	83	83
216.0	0	73	73
217.0	0	72	72
218.0	0	87	87
219.0	0	77	77
220.0	0	89	89
221.0	0	80	80
222.0	0	80	80
223.0	0	73	73
224.0	0	88	88
225.0	0	63	63
226.0	0	78	78
227.0	0	80	80
228.0	0	62	62
229.0	0	64	64
230.0	0	63	63
231.0	0	64	64
232.0	0	64	64
233.0	0	56	56
234.0	0	67	67
235.0	0	67	67
236.0	0	56	56
237.0	0	58	58
238.0	0	49	49
239.0	0	53	53
240.0	0	44	44
241.0	0	48	48
242.0	0	55	55
243.0	0	46	46
244.0	0	49	49
245.0	0	46	46
246.0	0	44	44
247.0	0	38	38
248.0	0	50	50
249.0	0	43	43
250.0	0	37	37
251.0	0	45	45
252.0	0	35	35
253.0	0	42	42
254.0	0	31	31
255.0	0	41	41
256.0	0	42	42
257.0	0	43	43
258.0	0	43	43
259.0	0	32	32
260.0	0	27	27
261.0	0	44	44
262.0	0	41	41
263.0	0	40	40
264.0	0	36	36
265.0	0	29	29
266.0	0	37	37
267.0	0	29	29
268.0	0	35	35
269.0	0	31	31
270.0	0	30	30
271.0	0	32	32
272.0	0	23	23
273.0	0	21	21
274.0	0	23	23
275.0	0	22	22
276.0	0	28	28
277.0	0	30	30
278.0	0	22	22
279.0	0	18	18
280.0	0	25	25
281.0	0	24	24
282.0	0	20	20
283.0	0	23	23
284.0	0	24	24
285.0	0	36	36
286.0	0	31	31
287.0	0	28	28
288.0	0	18	18
289.0	0	20	20
290.0	0	21	21
291.0	0	18	18
292.0	0	15	15
293.0	0	23	23
294.0	0	22	22
295.0	0	17	17
296.0	0	21	21
297.0	0	23	23
298.0	0	32	32
299.0	0	23	23
300.0	0	18	18
301.0	0	17	17
302.0	0	24	24
303.0	0	24	24
304.0	0	21	21
305.0	0	11	11
306.0	0	24	24
307.0	0	15	15
308.0	0	21	21
309.0	0	25	25
310.0	0	16	16
311.0	0	16	16
312.0	0	15	15
313.0	0	11	11
314.0	0	22	22
315.0	0	10	10
316.0	0	20	20
317.0	0	21	21
318.0	0	14	14
319.0	0	13	13
320.0	0	19	19
321.0	0	15	15
322.0	0	20	20
323.0	0	14	14
324.0	0	13	13
325.0	0	18	18
326.0	0	13	13
327.0	0	8	8
328.0	0	17	17
329.0	0	10	10
330.0	0	8	8
331.0	0	14	14
332.0	0	9	9
333.0	0	9	9
334.0	0	6	6
335.0	0	11	11
336.0	0	9	9
337.0	0	14	14
338.0	0	15	15
339.0	0	8	8
340.0	0	9	9
341.0	0	14	14
342.0	0	7	7
343.0	0	4	4
344.0	0	5	5
345.0	0	8	8
346.0	0	12	12
347.0	0	9	9
348.0	0	10	10
349.0	0	6	6
350.0	0	12	12
351.0	0	8	8
352.0	0	10	10
353.0	0	2	2
354.0	0	7	7
355.0	0	8	8
356.0	0	4	4
357.0	0	7	7
358.0	0	8	8
359.0	0	6	6
360.0	0	8	8
361.0	0	13	13
362.0	0	5	5
363.0	0	11	11
364.0	0	9	9
365.0	0	6	6
366.0	0	9	9
367.0	0	7	7
368.0	0	9	9
369.0	0	8	8
370.0	0	10	10
371.0	0	2	2
372.0	0	6	6
373.0	0	5	5
374.0	0	3	3
375.0	0	6	6
376.0	0	7	7
377.0	0	9	9
378.0	0	4	4
379.0	0	7	7
380.0	0	5	5
381.0	0	7	7
382.0	0	3	3
383.0	0	6	6
384.0	0	4	4
385.0	0	5	5
386.0	0	4	4
387.0	0	3	3
388.0	0	3	3
389.0	0	9	9
390.0	0	3	3
391.0	0	1	1
392.0	0	6	6
393.0	0	5	5
394.0	0	2	2
395.0	0	3	3
396.0	0	4	4
397.0	0	4	4
398.0	0	5	5
399.0	0	4	4
400.0	0	3	3
401.0	0	1	1
402.0	0	4	4
403.0	0	6	6
404.0	0	2	2
405.0	0	4	4
406.0	0	2	2
407.0	0	3	3
408.0	0	2	2
409.0	0	5	5
410.0	0	5	5
411.0	0	1	1
412.0	0	6	6
413.0	0	3	3
414.0	0	2	2
415.0	0	3	3
416.0	0	6	6
417.0	0	3	3
418.0	0	2	2
419.0	0	4	4
422.0	0	1	1
423.0	0	3	3
424.0	0	2	2
425.0	0	3	3
426.0	0	4	4
427.0	0	7	7
428.0	0	2	2
429.0	0	2	2
430.0	0	4	4
431.0	0	2	2
432.0	0	2	2
433.0	0	2	2
434.0	0	3	3
436.0	0	1	1
437.0	0	5	5
438.0	0	3	3
439.0	0	4	4
440.0	0	2	2
442.0	0	4	4
443.0	0	2	2
444.0	0	2	2
446.0	0	1	1
447.0	0	2	2
448.0	0	1	1
449.0	0	3	3
450.0	0	3	3
451.0	0	4	4
452.0	0	4	4
453.0	0	1	1
454.0	0	2	2
455.0	0	2	2
456.0	0	2	2
457.0	0	2	2
458.0	0	1	1
459.0	0	1	1
460.0	0	1	1
461.0	0	3	3
462.0	0	4	4
463.0	0	2	2
464.0	0	5	5
465.0	0	4	4
466.0	0	3	3
467.0	0	5	5
468.0	0	2	2
469.0	0	1	1
470.0	0	2	2
473.0	0	3	3
474.0	0	1	1
475.0	0	3	3
477.0	0	1	1
479.0	0	1	1
480.0	0	2	2
481.0	0	1	1
482.0	0	1	1
483.0	0	3	3
484.0	0	2	2
489.0	0	3	3
490.0	0	2	2
492.0	0	1	1
494.0	0	1	1
496.0	0	3	3
500.0	0	3	3
502.0	0	1	1
503.0	0	3	3
506.0	0	1	1
508.0	0	1	1
509.0	0	1	1
510.0	0	2	2
512.0	0	4	4
515.0	0	1	1
516.0	0	1	1
519.0	0	1	1
522.0	0	1	1
523.0	0	1	1
526.0	0	1	1
529.0	0	3	3
532.0	0	2	2
535.0	0	3	3
536.0	0	2	2
540.0	0	1	1
546.0	0	1	1
551.0	0	1	1
552.0	0	1	1
554.0	0	1	1
559.0	0	1	1
561.0	0	1	1
564.0	0	1	1
567.0	0	1	1
569.0	0	2	2
571.0	0	1	1
572.0	0	2	2
578.0	0	1	1
579.0	0	1	1
582.0	0	1	1
584.0	0	1	1
587.0	0	1	1
598.0	0	1	1
603.0	0	1	1
608.0	0	1	1
615.0	0	1	1
621.0	0	1	1
632.0	0	1	1
636.0	0	1	1
657.0	0	1	1
658.0	0	1	1
673.0	0	1	1
678.0	0	1	1
686.0	0	1	1
721.0	0	1	1
741.0	0	1	1
783.0	0	1	1
790.0	0	1	1
835.0	0	1	1

